X:0.5888888888888889,0.6703703703703704,0.6685185185185185,0.5092592592592593,0.40925925925925927,0.5722222222222222,0.7111111111111111,0.7,0.45080500894454384,0.7432915921288015,0.6511627906976745,0.6180679785330948;
K:0.5862068965517241,0.6551724137931034,0.6551724137931034,0.64576802507837,0.7021943573667712,0.6896551724137931,0.6238244514106583,0.6144200626959248,1.0,0.4631083202511774,0.6318681318681318,0.5384615384615384;
R:0.9021428571428571,0.7805194805194805,0.575,0.8596103896103896,0.831038961038961,0.5926623376623377,0.5951298701298702,0.5986363636363636,0.9998721636305529,0.4815915627996165,0.6970278044103547,0.6813998082454459;
H:0.5,0.625,0.625,0.625,0.625,0.625,1.0,1.0,1.0,0.5714285714285714,0.21428571428571427,1.0;
8:0.7461538461538462,0.8384615384615385,0.5769230769230769,0.7538461538461538,0.9384615384615385,0.6538461538461539,0.5692307692307692,0.9153846153846154,0.8565891472868217,0.686046511627907,0.5348837209302325,0.8992248062015504;